Determining the best fault model: 4%      [          ]
lambda3 =

    1.0783    1.2010    1.4660    1.5586    1.5673    1.1973    1.2470    1.0562    1.3653    0.9989


L =

   27.0055   14.7653   16.6374   19.7768   20.7551    9.6834   15.6742   14.7828   10.7127   12.3387

8%      [          ]
lambda3 =

    1.1027    1.6118    1.5009    1.1015    1.0949    1.1540    0.7142    0.9193    0.8391    0.4420


L =

   15.1475   26.0152   11.8726   28.2710   24.3800    8.4657   15.9100   12.2193   12.8434    5.7685

12%     [.         ]
lambda3 =

    0.8774    0.9938    1.2628    1.1168    0.7728    1.3048         0         0         0         0


L =

   27.2541   11.2782   36.3467   25.8350   10.8487   18.3820         0         0         0         0

16%     [.         ]
lambda3 =

    1.0415    0.7962    1.4370    1.4640    1.3227    0.6499    0.7984    1.0166    0.9159         0


L =

   34.2196   12.4782   12.4592   20.8437   14.3719   25.6126    9.7751    9.2981   16.4085         0

20%     [..        ]
lambda3 =

    1.2665    1.4858    1.1301    1.1956    1.3304    1.0130    0.4960    0.9846         0         0


L =

   23.6796   30.9401   31.3850   41.0671   28.0668   22.0351    5.3789    9.6016         0         0

24%     [..        ]
lambda3 =

    1.1438    1.3712    0.3099    1.1563    1.1833    1.0638    1.0962    1.0735    0.8494    1.0253


L =

   30.9133   13.7756   12.4021   22.7001   22.0868    6.0079   12.5808   27.8421   21.8087   22.7875

28%     [..        ]
lambda3 =

    0.7575    1.1856    0.9335    1.0057    1.6387    0.9488    0.7812    1.2371    0.9186    0.7237


L =

    9.1358   29.9435   15.4245   21.5740   26.4937   14.4060   26.2213    5.6409   12.3947   13.1702

32%     [...       ]
lambda3 =

    1.4219    0.7620    0.9694    1.2560    1.0398         0         0         0         0         0


L =

   24.9202   11.1149   13.4853   11.6046   15.7152         0         0         0         0         0

36%     [...       ]
lambda3 =

    1.2725    1.1500    1.1413    1.0540    0.9976    0.9183         0         0         0         0


L =

   22.3249   25.4940   13.8925   25.0984    9.4506   18.2633         0         0         0         0

40%     [....      ]
lambda3 =

    1.1026    1.3894    1.2384    1.0406    0.7277    0.7039    1.0272    1.0390    1.6732    1.1626


L =

   30.2846   37.0141   18.2544    8.7843    7.1141    3.8515    8.8200   11.9954   12.0707   10.3523

44%     [....      ]
lambda3 =

    1.0359    1.4575    1.4637    1.4237    1.0056    1.3273    0.9683    0.9264    1.2217    0.4601


L =

   29.6574   41.4120   14.1371   15.1976   14.5732   13.4545   12.2243   12.1159   12.3881    9.1355

48%     [....      ]
lambda3 =

    1.3780    1.3511    1.0189    0.7686    0.8087    1.0689    0.9353    0.8888    1.1775    0.7097


L =

   22.1379   29.4069   20.3182   14.0497   21.0963   21.7904   28.4725   13.2443   28.8517   20.5974

52%     [.....     ]
lambda3 =

    1.2186    1.2233    1.1236    0.9319    1.2448    1.3355    0.9035    0.9414         0         0


L =

   15.2403   14.5545   22.9776   16.0984   10.7056   15.0768    7.8274   12.0524         0         0

56%     [.....     ]
lambda3 =

    1.1110    0.8620    0.8179    1.4806    0.8949    0.8167    1.4251    1.3084         0         0


L =

   30.1614   23.9612   14.1538   20.5803   29.6261   12.5936    9.7283   11.4954         0         0

60%     [......    ]
lambda3 =

    0.9410    1.4027    1.3382    1.3457    0.8323    1.2609    1.0837    1.3392    1.0813         0


L =

   39.9302   18.2304   11.7144   34.2402    5.5204   20.6637   11.1454   10.2301   11.6200         0

64%     [......    ]
lambda3 =

    1.0838    1.3709    1.4705    0.5689    1.2488    1.0779    1.1494    1.3697    1.1479    1.3063


L =

   29.8477   13.3327   14.6336    7.0293   25.4924   10.9591   15.8846   19.5604    8.8344   20.7465

68%     [......    ]
lambda3 =

    1.2931    0.9749    0.8842    0.5807    0.9322    0.9233    0.9179    0.9801    0.4355    0.5917


L =

   34.3089   47.1898   12.2449    9.4060   30.4891   28.4554   42.1307    8.6067    8.7893   21.3438

72%     [.......   ]
lambda3 =

    1.3119    1.3193    1.1680    1.4638    1.3868    0.8218    0.7861    0.6440    1.0947    0.8793


L =

   11.7453   14.6085   15.9820   30.9429   15.3877   17.6543   21.4772    7.6531   13.8734   11.1498

76%     [.......   ]
lambda3 =

    1.3826    1.0535    1.2741    1.1134    0.9501    1.0505    1.0014    0.9711         0         0


L =

   25.9352   51.0148   26.1052   28.9427   17.9342   27.5905    8.5604   10.6012         0         0

80%     [........  ]
lambda3 =

    1.0098    1.3297    1.4487    1.3300    1.1573    1.1899    1.4056    0.8421    0.9518         0


L =

   28.1074   10.6120   35.5782   13.7515   21.8122   12.0818   18.7949   16.8982   18.1806         0

84%     [........  ]
lambda3 =

    1.1177    1.1438    1.2645    1.2891    1.3512    1.4845    1.3941    1.3177    1.1733    1.2488


L =

   13.6039   30.9133   13.3323   14.2108   12.6496   14.7087   20.5671   10.3000   17.8323   18.0906

88%     [........  ]
lambda3 =

    1.5391    1.1566    0.6388    1.3418    1.5430    1.3351    0.9249    1.6032    0.9424    1.0026


L =

   16.5639   24.3074    8.1748   27.3220   15.4915   21.4545   10.7069   21.1495   14.3705   16.2708

92%     [......... ]
lambda3 =

    1.0472    0.7966    1.2665    1.1178    1.2980    1.4409    0.9570    0.8608         0         0


L =

   18.3082   15.6717   26.9765   25.1482   27.8461   12.4121   14.4002   12.4441         0         0

96%     [......... ]
lambda3 =

    0.9612    1.0818    0.8754    1.2243    1.3227    0.8262    1.2828    1.5922    0.9170    1.2256


L =

   10.1832   20.5131   12.5786   24.6555   22.0465   25.6161   10.2361   10.3071   12.3722   27.6489

100%    [..........]
lambda3 =

    1.4967    1.3107    1.2937    0.9677    0.6591    0.8285    0.9222    0.6097    0.8008    0.9551


L =

   40.4568   33.3379   40.7451   10.8663   12.8656   16.3169   13.3650    3.6683    5.5490    8.8703

done
mv: rename Simul.OADC.Pseudo3D_results to Simul.OADC.Pseudo3D_results/Simul.OADC.Pseudo3D_results: Invalid argument
Elapsed time is 2424.850078 seconds.
OADC_Pseudo_3D_driver
