        % Real data
        sta_no = [1        2        3        4         5         6         7        8        9];
        dist   = [9.424156 25.1711  35.6124  44.78913  65.8215   68.58533  331.5408 332.98   367.2564];
        az     = [23.3895  126.803  73.69663 38.52594  40.56081  57.86335  241.3568 90.34291 60.07621];

        % Syntax: data = [station_no p_amp weight];
%         p_data = [1     6.00804e3   5;
%                   2     6.02727e2   5;
%                   3     7.3e2       5;
%                   4     3.6023e2    5;
%                   5     1.091e2     5;
%                   6     -2.1e2      5];

        p_data = [1     6.00804e3   5;
                  2     6.02727e2   5;
                  3     7.3e2       5;
                  4     3.6023e2    5;
                  5     1.091e2     5;
                  6     -2.1e2      5;
                  7     1.74726     5;
                  8     -4.73478    5;
                  9     -2.06493e1  5];

        sv_data = [1    -7934.81626     5;
                   2    5635.33484      5;
                   3    -12820.86034    5;
                   4    -2276.4942      5;
                   5    62              5;
                   6    -808.09277      5];

        sh_data = [1    1.27811e4       5;
                   2    4.56889e3       5;
                   3    -9.1082e3       5;
                   4    3.00613e3       5;
                   5    -488            5;
                   6    -3.7086e3       5];
